00000000000000000100000110101000
00010000110101100111110010011001
01110001100011100010100101110010
00101100010000110011010110011101
01110000011101001110110100011111
00001100011110111100011111101000
00010010100000010101011011000000
01101001011001100110000010111110
01000000010110011001000000000010
00110111111111011001010001010000
01101001000101000010110011101000
00101011100100000110100100111110
00010101111011010111101111001011
00011010010110100101011110101101
00100001001100100010110001100000
01100100111111110110001110100111
00111010111001111001110010111111
00111011111000111101110111010000
01101100111101111010000101101000
01110101100001011110101010111100
00101010111101100001100011101100
00000010110111100100001111111110
01001110010000011101101000101011
01000101010110100110010100110001
00110001101010011001011110001010
01110101000110111111111001111111
00000000111000010111111111101011
01010100100101010001110111000001
00001001110101001001010101001010
01100011100101010011001001010001
01011000000110101001011011101011
00111001101010100100101101111110
01011011010000100101101011000110
01100001010101011010101111111001
00111111100011011001101001011100
01101001100100010010111010011101
00111010100010110111101110010001
00011011010111011000101010011111
00011010001101111101101011000011
01001000111110110100010110101000
01101000100110100011111000000111
01100110010111100111001100111000
01000010110111101001011000001010
00100011010011001000110011010011
01110110101100011000001011000000
01111111111111110100100000100001
01010000110110001011000000101110
01000010000101101100010101111010
01100100111111101110111001111100
00011100110110110100001010110010
01111110111101111100001011101011
00111100000111100001001101101101
01011010100011010111011111110001
01111101101111011001110110101001
00101011101110100000001010111110
01000001000010100001111001100000
01111111010100000101000111111100
01110010001101101011100010110001
01100110100101111010011100001100
01101110010110000011100101110011
01100010001000111110010110011110
00100010101110000001101001101001
01100100110011011111010101001110
00001101101001000000011110010111
00001011111011100101000110000001
01001011001010001111001001000110
01101101001110011111100000110111
01111000110101110001101011100111
01110010001001110111000110101100
01111011100110000000110111000001
00111011101011110011100101001100
01101100110110101100101100110001
00010000010100100011010111001101
00000101010010100010111000011011
01001001000110001111000101010100
00000100100010111110011101001011
01111100111111011110111101000010
00000011011001110001011000101011
01100100111000000110001011001100
01000111011101100111001011010010
00110001011011000101110110100110
01000001011110000101011010100100
01000011100000000100101010010001
00011011100111111001100000110111
00001010110000100101000100001101
01011011010101110011001000000000
00111001100100111100110011011010
00010110011011100001100110111111
00010110010111000101011000011011
00001000000110010001001000010110
00100101111100100110011010000010
01001101001001111111010001000101
01111010000101100000010110010110
00111011110010001111100101111001
00000111011100101001010110011010
01110011101110111011010101001000
00101000011110101100010101010101
00010100001100010110010000110111
00110110101010100110000100111101
01101011110101100000011111010101
00110000100111000110100001000011
01101100100000010001111110100100
00010001010001000111111110100100
00101000000101111111000011011000
00111011110001010000100101111001
00000100111100010000010110011000
01101011101001100100000010110001
01101111111000010101101110101110
00110100010010100011010111100101
01110100000110000110100000110101
01101110011000011010101100011111
01001110001010011011100011010111
00010101001001100101001101011001
00000111001010100000001011101001
01010111001001010001001010101100
01000010111011010000011011100111
01010111011000000100101000000101
01110010100110111011101100010100
01001110000101110101100011010101
01011110110010010011000000000001
01101010011011101100001001000101
00001101100101000111011010011011
00001101111101101100000100010101
01000010111111100101000011011101
01000110011011101111111110001000
00100001010010100101110111011001
00011001010101110110001010100011
00111000000011001100100001010101
01001111001101000110000100110011
01110111110110011000001111100101
01101001011000100110110011011100
00111100110110010001010110010010
01010000000101110100001101110100
00100111010011011001110111000001
01011000101011111111111000010000
00001010010100001111100111101110
01001010010010000111110110001101
01011101001010101101101000010101
00101000010100111100100001111101
00010100100011111001101100111011
01100000000110000100100100001001
01011010011000110001111100101001
00100001100100101110101100011100
00110100100010011000110001111101
00110010011001100111110101111110
01100110101110001111010100001100
01111000111000000001101110000100
01000001001011101011010100011100
01100001011101000110001010110011
00011111111111000000011111000010
01011011011000010110000111110110
01010110011001101000110001011001
01100110100010000101001101100000
00000000000110011111100000111000
00101000111101110010010010010110
01111001100000110000100011011101
00001001101110110010001101111111
01011101000101110110101111010111
00101100101010010010000000000001
00010011011101000011100010010000
00110011001011010111111111101011
01110000001010010011011110001101
00100001111111100100001110000011
00111100000000100101111011100101
00111111101001000010101100101011
00110011000011100011010010110010
01101001101001011010110001001110
01111011110100110110101100010010
01110101000110101010101001000001
00101001100111111100110101111000
00111010011010101001011010100010
00101011110001111000001110100101
00110111100100111101110000011000
01001100010101101100100000101010
01010101011011110110010010001110
00000100001100101101001001110101
00100100100101110000000101111011
00110101111000100100010100000010
00011010001000001010000111110010
01010100011010000010010001000101
00000001001001010101100101001111
00111011000010100101001000100000
00100010100101011101000100101001
00011001110101101110110001111101
01101101010000000000111111001100
00001000110011010101001000011110
01011111110010100011010000010110
01010100001000011100000101111100
01110100001001011101111100001011
01100010010101101000011011000000
00011110101010001101100110110001
01011111011011000000001100110001
00101100010001011011011011101001
00010100111010111001000110110101
01110101101010110000110011001110
00110000110101011110010010111101
00101010100111000100110101011000
01111011100110011110001001000011
00110011110101011101110000011011
00011101011001011000101100110100
01110101100101100001001000000000
01001111011101111111101001010000
01001101110100101100001011110011
01000111111111010000011101110000
00110100111100110110111011111101
01011001111110111011111100110100
00011110110001100001110100010100
01100000100111110001101111010101
01101101110111000110111010000010
00100010110110110101000100101000
01101100101011010010101011111001
01011100111000000111100100101101
00010101001100111010100011111111
01110010100111000000100000111001
01100001111000000001000011111000
00111101011110100011101111111100
00100011111110000011110011101101
01111110011001111111111000001110
01011101010110001000100111111000
01011111110010100010100010101001
01010001001100111010000001100001
00010100011001100110100111101110
01001111101101001001001010111001
01011000000011001101100010010001
00110011010111100100010011000001
01110001111100111111010101000000
01000111011010100111011100110011
00011110101101111101100111100111
00111000010000101101110001110011
00101101100101110001111011100001
00011100011011000101110100101010
00001110010110000111111011111011
01010011111110001001100000011001
01100101110010011011110001100001
00011111011011101011100001111101
00011110000100100010011010101011
00111001101010001011001111111010
01110010101111111111111110101001
00011011001010011110101100011011
01011101000010100100011110001100
01001101110111110110100000001101
00000110001010000101010101101101
01000010000000000110101001000100
00101001010000001011100000110111
01010111111111100011100000001010
01110011000100010100010110101000
01110010111101000101001110011101
00000110100111011010001101100010
01010111010100010111101001010011
00100110001101100000101111101111
00100110010010011000101110000011
00100110011001100101100100011001
00001001011000111000110000000010
01100110011111001101110000011111
00001111010101111010101111001011
01000100110011111010010001001100
00011100001010111001110011100000
01110011010010000100010010010011
00001101100011100100101000000111
01111000100111100001100010000101
01010011010111000000000110100001
00111101011011110001101111001001
01001001100010010100100010100010
01010011111111111010100101100110
00110101110010101001001010100000
00000110011000000110000111111000
00100001101111111110010000001110
00111101000101010110010001110010
01000111011101011001011110110011
01111001001110101000110101101100
01110011000110101110101110100010
01101100011001000001001110111000
00011110010010101100110010100001
01000000110000000110110110010001
00011001010110010110101111001110
00111101101101001010111001100011
00100001001001010000010100111100
00000101011110101011011100100101
00111011100011011110000011110011
01011111101010111001000000010001
01111000011111110111110100101001
01111001111100100100110010001101
00010010011111111111101110001000
00010000010110101010011100110110
00101111100101111101001010011110
00011000100001001001101101111100
00101001111110111111011001111000
01011100111100100101010111010001
00101001111000000011110000000100
01000000100001000100000000010111
00101010100010111100011100011001
00111110101111000101000000100010
00111101001100010000100001011100
01011110000110111110111101100111
01111100000000101000001101110110
00001001000001001111011110010110
00100101000110101001110101111011
01110110010110010000100101000101
01001111011011111100110110110111
00110101001010101101001000100000
00001110010010010100111000100110
01101110101010011010100000011110
01000100010111001000001001010101
00010101011100001011110110000100
00011100101010100011000000011100
01101001001111001000110011111000
00000110010010110010001111000011
00101111000110001101101001110000
00001000101011010000011100111001
00010111101101010011001110100011
01111001010100010001111001111110
00111100101010010010000001101100
00000011100011111011000110010010
01001110110100101110101000010010
01111001000001010110110000101100
01010011000000001111101011000111
01100101010100000100100101100100
01111010000000100111100000110011
00111000001000011001101011011010
00100110001111010111101100000001
00001110010101101001001001000101
01010101100111001111011101011110
00110100001101000110100000111100
01011100101001110101010111101011
01101101111110011110011011010011
00110001101000010101111100001110
01011001011001111010100110010111
00100100101011110010011001011101
01100110111111111011011001111100
00011110001001011011101110111001
00111111010001110111111000100110
01101110101010110001000100111111
00100000111110010111011111011101
01011010001011000101111100010101
00010111000101101000100111110100
01001000101110101111111000000100
01101100011110101101110111101010
01110110011111110110010101001010
00100101110100110001101000001110
01000110010100111010000010001001
00011100010100001010011001110010
01110010110111111001010011100100
00110100101010000011111110101000
00010001111010110100100110011011
01101110001011010110100001001110
01100111000110110001000101100101
00100010000100110011001011000110
00011010011010100111011010100101
01000011100100110101100000110000
01111110100000101101100111111001
01000000101101001010101101010011
00010101010110111111011101010110
01001000110010110011101000001111
00010110010100001101010000100000
00010100100101101000110001010011
00100111110101101010011110110101
01111101100111000111000010000010
00101001100111101010011100111100
01101110111101010110100101111101
00110001111000001100011001110101
00011100000001010100010011101001
00011101111011110010101101011111
01000001000010000111100101010100
00010011010101011001101100101000
01011001001111010110100100000011
01001110101110010111000110111011
01110000110110011101010001011110
01101101000001011010000100110100
00001100100110101001010011011000
01111000101000011111011101011111
01010001011101111011101111011001
00001011110011011100110101011001
01110100011001001001010000011101
01110111001110000011011110011110
00001011110010111010001100111001
01100110010010001111100100111100
01000000111000110000011010011011
01111000110001101100101101100101
01000011010100111001000111010110
00100011100010111001101100100011
00100010011101100010100100010001
01111011100000100010110011000100
00011111010010010011011100110110
01111111110001111100101001000110
00010101101100001111101100110101
00010110001111000101111110110100
01010101101011110010110111010100
01011111111010011110010100111111
01110100110010011011110001001011
01101000011010010001101111010100
01001100101000100011000011011010
00101100001101010101111110000101
01100100000100100010101101110000
01100100111000011111100101100100
00101111101111000100011111111011
01110010000110011100100000111001
01111010101010000101000010110101
01000000010010101101100111111101
01110010001011011001001000000101
00001101110011011100000011010100
00111111001011101010010101100001
00001111011010111010001110110000
01100011110001110111111110111001
00111110100100100111110111011101
00000011100001010101100001000100
00100111011001011101101000101011
00001111110101100101000101000011
00111111011100010000110111010101
00010111010000110011101101111110
00111110111101101101100100100001
01000000001010010010010111010011
01001101011100100110000010001110
00010000001000010011001001011100
01110011011100010011111001001010
00001111101100001010011101111101
00010110110001000000011110011000
00011111110011101001011111010110
00110100010100100111001011101011
00010000111101101011110100100100
00110110111110111000111100110000
00111101011101011011010010000100
01111010100111100110010110100010
00110101001000101010110110010011
01110111101100011010100100100110
00110000110110000011101100101111
01000100000101011010001110110111
01101000101011110110011001001101
01010011011001010111111011101101
00101100011100000010010001100010
01110110011001001011010010111001
01001101100101010001101001101001
01110111111110010000101101001010
01111111010101000110010011001111
01111101101001101001001101011000
01000011000100111011011011011011
01000011010010100000011001000101
00110000111000011011111010000111
00110100101000111010101000100100
01100100111101110011110001111100
00100011101001000010010010101110
01101101011001000010110111001010
01001011111110100110000011100010
00100010111011101011110001100111
01100111100100110010000000011100
01101100001000010100001101100100
01111011110011111001000110110010
01111000011001100111110010011111
00010000011111111110100001111011
00111101011101111110101110110100
00001100000100111001010111110100
01011001110110011100110001011110
01101001111110000101110101101000
00110000101111001000110100110011
00101010110110100010100001000101
01011000100010011101111111111110
01000011110100001100101000011100
01000000100001010001011100001101
01100001101011000111011110010011
00000001110111101000010111111111
00111000001011110010100101001111
00100000010000010001111001011011
00010011001011111111100011101001
00110010011111101001001011010111
00010011110110100111101100101000
01101100110010111000100101000111
00100110101000011100110000011111
01001000011000000001101100001010
00011101100011110101001010100110
00101100011110110001111101110100
01000111010011100000111101111101
01010101110110101111110000011110
00011011110111100100000110011100
00011100101001010111011100010000
00110011001010111100101000100010
01111111111000111001100001101101
00110111001011000101110110110100
01000001101110111111000010111001
00011001101110010010001101100111
01001001110000110100110001100011
00110100110011000001110101101011
01000100100111110111011011100010
01000001001101100001001010100001
01000101000000010010100101111010
01001111010010100010101111111011
00001110100011011001010001101001
01110001000010101000000011110110
01101000100110001101000001110101
00001000100111011110011011111010
00110110101001110010101110000010
00011001000110010111111111010111
01011001000110000000100100100001
00111000111111111000001100111010
00001111000000000111001000010011
01100110010000010100010100010111
01000111000111110001110101110100
01001011110001101100111100100111
01101001010010100011000001001111
00000101101010011100100010001011
01001101101011010010000010010101
00100001001101100011111000001011
01110000001000110101010100110110
00011111101011111000010110111111
00111100011101011100111011011010
01011010010111110110100100111001
00101101111101010100101110001010
01000011001100100110100010011001
00100010011100010011011101000111
00110110111001000010011111111100
00111100111111010010110110001100
00010001101110010110000110011101
00100001101101111001001110000011
00011011001101011000111011000001
01011001001011110010111011011100
00101000101011011001101101000011
00011101101011000110000010010011
00011111111110000110001000011110
01101011111100011010111111111000
01001000010101111111101000100110
00000111111001111111100111100110
00001110110001110110111100011001
01000111010011101101100111100100
00001001110000110010110001010000
01101100100100100011110100110010
01110100111011111101010101001110
00101101100111010010111111011101
00101010101100010110110110010001
01100110100100000110000001111101
00010000101011101110001100100111
01001001110000110001111000000000
00101000111001101011011111010110
01000011001011110101011110010101
01011001000111110001100110101001
00001000110011011101001111110110
00000001000101101011111111111111
01111100100101101111111011101000
00011101001110010111000101000000
00100110001110100010111110111110
00110110000101000111011010001110
01111001011100111000000001011111
00001101111100010001101101000101
01010000001101010101011000101010
01011101101011000000100010001010
01001001011001001100110000010010
01111000100100011101011101100011
00101110110100111110001001101101
01011000101101100111101000100000
00110100000010111111100001100001
01111101110111111100001011111001
01101101011110011010100111111111
01001110100001111101110010000000
00111001100111010111111111001000
00010011001100000100000100000110
01000100111111001111101011000010
00111100101100101111100111110001
00001010001101110101110001011010
00111000100100000001110111110100
01111101100111101001101100101111
00110111110111100110101100011000
01101011010010010001000101010000
00001010000011111101001000111000
00010100101100100101111110110010
01001010101010001010100110111100
00000111000111111001101111110000
00101100001101101010110100111000
00111001101001100100111000110110
01010101010110001101100011001100
00111100000000010110010011011011
01111111100001001000010010100100
01010101001000000110110001100100
01000011101011000100010011100110
01100010110111110111101011000000
00111101111101000000010111110111
01011111101100111011101011101000
00010000101101000000011001101111
00011011000100100110100111111011
01010101111010111110101110100000
01110011101110101000000101110010
01011001100010001001111010111010
00011000011011001111001101000011
00011000110101101100000000111101
00111010111001101111000110001001
00001111111110110111011110010110
01000110011010000010000100001101
01011110010100100000000010011000
01011001101001010010101110001001
01101010110011010101110101011010
01010000101010111111011001111110
01001001110000111111001110010011
01011111101011000101110110111011
00101101001111011101000100010000
00110101011010001000100010100101
01100001111000110010010000001000
00000111010100101011101101101110
01001000100011110011011010000100
00110010010001000011100101010100
00011101000011111101001110010101
01111010000010111110101000011011
00100100001101101101000100110111
00001010111000011000010001110101
01011011101111110010001011101000
01100001100011001101110001100111
01100110110110100010000000111010
01111010011110011111010010010111
01011100101010010010010001010011
01100100100011111111010010101100
00100111000010000111101111001001
00011101111101101101110100100101
00111010001100001011011110000010
01010100010111111101010110100111
01011111110000111111001000111000
00111001010100110110101110100111
00010011110000001011111001011001
01010011000100001100111100110001
01110100100100101100010010010010
01001111101001111000100100001001
00000000000101011101011010111011
00011001110001001000111100001001
00110111100010101010010100010111
01101111010111001010010101111110
00101011011101010010110001010001
00011001101100001001000000100010
00010110110001101011010101011100
01001111101011001011011010110011
01010100000011101100101010100011
00010111000110011011111001110011
