16808
282492057
1905142130
742602141
1886711071
209438696
310466240
1768317118
1079611394
939365456
1762929896
730884414
367885259
442128301
556936288
1694458791
988257471
1004789200
1828168040
1971710652
720771308
48120830
1312938539
1163552049
833197962
1964768895
14778347
1419058625
164926794
1670722129
1478137579
967461758
1531075270
1633004537
1066244700
1771122333
982219665
459115167
439868099
1224426920
1754938887
1717465912
1121883658
592219347
1991344832
2147436577
1356378158
1108788602
1694428796
484131506
2130166507
1008604013
1519220721
2109578665
733610686
1091182176
2135970300
1916188849
1721214732
1851275635
1646519710
582490729
1691219278
228853655
200167809
1260974662
1832515639
2027363047
1915187628
2073562561
1001339212
1826278193
273823181
88747547
1226371412
76277579
2097016642
57087531
1692426956
1198944978
829185446
1098405540
1132481169
463444023
180506893
1532441088
965987546
376314303
375150107
135860758
636642946
1294464069
2048263574
1003026809
124949914
1941681480
679134549
338781239
917135677
1809188821
815556675
1820401572
289701796
672657624
1002768761
82904472
1806057649
1877040046
877278693
1947756597
1851894559
1311357143
354833241
120193769
1462047404
1122830055
1465928197
1922808596
1310152917
1590243329
1785643589
227833499
234275093
1123963101
1181679496
558521817
425157283
940361813
1328832819
2010743781
1768058076
1020859794
1343701876
659398081
1487928848
173079022
1246264717
1563089429
676579453
344955707
1612204297
1516445481
563276572
881429629
845577598
1723397388
2027953028
1093580060
1635017395
536610754
1533108726
1449561177
1720210272
1701944
687285398
2038630621
163259263
1561816023
749281281
326383760
858619883
1881749389
570311555
1006788325
1067723563
856569010
1772465230
2077453074
1964681793
698338680
980063906
734495653
932437016
1280755754
1433363598
70439541
613876091
904021250
438346226
1416111173
19224911
990532128
580243753
433515645
1832914892
147673630
1607087126
1411498364
1948638987
1649837760
514382257
1600914225
742766313
350982581
1974144206
819324093
714886488
2073682499
869653531
493194036
1972769280
1333262928
1305658099
1207764848
888368893
1509670708
516300052
1621040085
1843162754
584798504
1823288057
1558214957
355707135
1922828345
1642074360
1031420924
603471085
2120744462
1566083576
1607084201
1362337889
342256110
1337234105
1477236881
861816001
1911813440
1198159667
515365351
943905907
764878561
476863786
240680699
1408800793
1707719777
527349885
504506027
967357434
1925185449
455731995
1560954764
1306486797
103306605
1107323460
692107319
1476278282
1930511784
1928614813
110994274
1464957523
641076207
642354051
644241689
157518850
1719458847
257403851
1154458700
472620256
1934115987
227428871
2023626885
1398538657
1030691785
1233733794
1409263974
902468256
106979832
566223886
1024812146
1198888883
2033880428
1931144098
1818497976
508218529
1086352785
425290702
1035251299
556074300
91928357
999153907
1605079057
2021621033
2045922445
310377352
274376502
798479006
411343740
704378488
1559385553
702561284
1082408983
713803545
1052528674
1026623580
1578889063
2080539510
151320470
622501243
1985546565
1332727223
891998752
239685158
1856612382
1146913365
359710084
480915484
1765575928
105587651
790157936
145557305
397751203
2035359358
1017716844
59748754
1322445330
2030398508
1392573127
1699760484
2046982195
941726426
641563393
240554565
1436350302
875849788
1554470379
1845094099
832659214
1499965847
615458397
1728034428
505789369
1061649958
1856704831
553220061
1512857365
387353076
1220214276
1819991530
1988060490
634591758
1179885705
475047538
1927255268
883441576
300632475
1848469582
1729827173
571683526
443184805
1133729840
2122504697
1085582163
358348630
1221278223
374395936
345410643
668379061
2107404418
698263356
1861577085
836814453
470107369
502213471
1091074388
324377384
1497196803
1320776123
1893323870
1829085492
211457240
2023880543
1366801369
198036825
1952748573
2000172958
197894969
1716058428
1088620187
2026294117
1129550294
596351779
578169105
2072128708
524891958
2143799878
363920181
373055412
1437543892
1609164095
1959377995
1751718868
1285697754
741695365
1678912368
1692531044
800868347
1914292281
2057851061
1078647293
1915589125
231588052
1060021601
258712496
1674018745
1049787869
59070532
660986411
265703747
1064373717
390282110
1056364833
1076438483
1299341454
270611036
1936801354
263235453
381945752
533632982
877818603
284605732
922455856
1031124100
2057201058
891465107
2008131878
819477295
1142268855
1756325453
1399160557
745546850
1986311353
1301617257
2012810058
2136237263
2108068696
1125365467
1128924741
820100743
883141156
1693924476
597959854
1835281866
1274700002
586071143
1737695260
1814119268
2077200818
2019982495
276818043
1031269300
202610164
1507445854
1777884520
817663283
718940229
1485430782
1137756700
1082464013
1638692755
31360511
942614863
541138523
321911017
847155927
333085480
1825278279
648137759
1214257930
495932070
746266484
1196298109
1440414750
467550620
480605968
858507810
2145622125
925654452
1102835897
431563623
1237535843
885792107
1151301346
1094062753
1157704058
1330260987
244159593
1896513782
1754845301
144566010
916925314
421101527
1494747425
956269370
251687443
1715553559
1193221492
1271320359
1766469711
95013003
1303191701
557202955
1881363766
531596735
1014353626
1516202297
771050378
1127377049
577845063
920922108
1023225228
297361821
565678979
456494785
1496264412
682466115
497836179
536371742
1811001336
1213725222
132643302
247951129
1196349924
163785808
1821523250
1961874766
765276125
716270993
1720737917
279896871
1237523968
686208982
1127176085
1495210409
147706870
18268159
2090270440
490303808
641347518
907310734
2037612639
233904965
1345672746
1571555466
1231342610
2022823779
785637997
1488353824
873199713
2111816441
1836689919
1317526656
966623176
321929478
1157429954
1018362353
171400282
948968948
2107546415
937323288
1799950672
168809016
347234226
1252567484
119512048
741780792
967200310
1431886028
1006724315
2139391140
1428188260
1135363302
1658813120
1039402487
1605614312
280233583
454191611
1441524640
1941602674
1502125754
409793347
416727101
988213641
268138390
1181229325
1582432408
1503996809
1791843674
1353447038
1237578643
1605131707
759025936
896043173
1642275848
122862446
1217345156
843331924
487576469
2047601179
607572279
182551669
1539252968
1636621415
1725571130
2054812823
1554588755
1687155884
654867401
502717733
976271234
1415566759
1606677048
961768359
331398745
1393610545
1955775634
1336379657
1431227
432312073
931833111
1868342654
729099345
431001634
382121308
1336719027
1410255523
387563123
